; gha2b.txt
              0       0.001764      0.0015354
       0.041667        4.9e-05     -0.0015446
       0.083333        0.00207      0.0015214
          0.125         0.0097      0.0062676
        0.16667      -0.012362      -0.013988
        0.20833       0.002971      -0.001275
           0.25       0.003305       0.002758
        0.29167       0.042262       0.040167
        0.33333       0.079627       0.079199
          0.375       0.071341        0.07112
        0.41667      -0.006261     -0.0043902
        0.45833       -0.10428       -0.10001
            0.5       -0.14937       -0.14442
        0.54167        -0.1225       -0.11708
        0.58333      -0.054013      -0.049621
          0.625       0.015371        0.01881
        0.66667        0.07692       0.077692
        0.70833       0.084236       0.083751
           0.75       0.050545       0.047743
        0.79167       0.006208      0.0029452
        0.83333      -0.032146      -0.034616
          0.875      -0.031606      -0.033673
        0.91667       -0.01185       -0.01193
        0.95833       0.013261        0.01438
              1       0.033751       0.035857
         1.0417       0.042515        0.04449
         1.0833       0.033188       0.035298
          1.125        0.01674       0.017676
         1.1667       0.000293     0.00027437
         1.2083      -0.004492     -0.0069122
           1.25      -0.006316     -0.0093973
         1.2917      -0.001454     -0.0046268
         1.3333       0.000831     -0.0007219
          1.375       0.003731      0.0037375
         1.4167       0.001556       0.003487
         1.4583      -0.001955     0.00078017
            1.5      -0.007452      -0.003961
         1.5417      -0.010516     -0.0064215
         1.5833      -0.012312     -0.0073253
          1.625       -0.01183     -0.0080633
         1.6667      -0.011723     -0.0074996
         1.7083      -0.008303     -0.0076136
           1.75      -0.005562     -0.0029931
         1.7917      -0.003084     -0.0020707
         1.8333      -0.002157     -0.0019525
          1.875      -0.001262     -0.0024154
         1.9167      -0.000538     -0.0029861
         1.9583         -6e-05     -0.0028987
              2       0.000419     -0.0021228
         2.0417       0.001539    -0.00085557
         2.0833       0.003337     0.00015119
          2.125       0.005135     0.00072258
         2.1667       0.005453     0.00072226
         2.2083       0.005307     0.00052423
           2.25       0.004665     0.00032811
         2.2917        0.00382     0.00029303
         2.3333       0.003139     0.00027006
          2.375        0.00265     0.00024642
         2.4167       0.002162     0.00025355
         2.4583       0.001673     0.00021588
            2.5       0.001184     0.00016704
         2.5417       0.000695              0
         2.5833       0.000195              0
          2.625      -0.000389              0
         2.6667      -0.000973              0
         2.7083      -0.001557              0
           2.75      -0.002141              0
         2.7917      -0.002725              0
         2.8333      -0.003309              0
          2.875      -0.002889              0
         2.9167       -0.00242              0
         2.9583      -0.001951              0
              3      -0.001482              0
         3.0417      -0.001014              0
         3.0833      -0.000545              0
          3.125      -0.000201              0
         3.1667        4.2e-05              0
         3.2083       0.000285              0
           3.25       0.000528              0
         3.2917       0.000771              0
         3.3333       0.001014              0
          3.375       0.000945              0
         3.4167       0.000795              0
         3.4583       0.000646              0
            3.5       0.000496              0
         3.5417       0.000346              0
         3.5833       0.000197              0
          3.625        4.7e-05              0
         3.6667      -0.000103              0
         3.7083      -0.000252              0
           3.75      -0.000402              0
         3.7917      -0.000436              0
         3.8333      -0.000436              0
          3.875      -0.000436              0
         3.9167      -0.000436              0
         3.9583      -0.000436              0
              4      -0.000436              0
         4.0417      -0.000436              0
         4.0833      -0.000436              0
          4.125      -0.000436              0
