; gha2a.txt
              0       0.001764      0.0017339
       0.041667        4.9e-05    -0.00044853
       0.083333        0.00207      0.0034609
          0.125         0.0097       0.010244
        0.16667      -0.012362      -0.010475
        0.20833       0.002971       0.004416
           0.25       0.003305      0.0072859
        0.29167       0.042262       0.045662
        0.33333       0.079627       0.083085
          0.375       0.071341        0.07399
        0.41667      -0.006261     -0.0035882
        0.45833       -0.10428       -0.10126
            0.5       -0.14937       -0.14593
        0.54167        -0.1225        -0.1185
        0.58333      -0.054013      -0.048419
          0.625       0.015371        0.02188
        0.66667        0.07692       0.083978
        0.70833       0.084236       0.091525
           0.75       0.050545       0.056612
        0.79167       0.006208       0.012491
        0.83333      -0.032146      -0.025892
          0.875      -0.031606      -0.025289
        0.91667       -0.01185     -0.0057001
        0.95833       0.013261       0.018761
              1       0.033751       0.038444
         1.0417       0.042515       0.046809
         1.0833       0.033188       0.037994
          1.125        0.01674       0.021443
         1.1667       0.000293      0.0050119
         1.2083      -0.004492    -0.00052793
           1.25      -0.006316     -0.0018989
         1.2917      -0.001454      0.0038914
         1.3333       0.000831       0.008043
          1.375       0.003731       0.012012
         1.4167       0.001556       0.010447
         1.4583      -0.001955       0.006551
            1.5      -0.007452     0.00064519
         1.5417      -0.010516     -0.0024815
         1.5833      -0.012312     -0.0039258
          1.625       -0.01183     -0.0047824
         1.6667      -0.011723     -0.0043569
         1.7083      -0.008303     -0.0047238
           1.75      -0.005562              0
         1.7917      -0.003084              0
         1.8333      -0.002157              0
          1.875      -0.001262              0
         1.9167      -0.000538              0
         1.9583         -6e-05              0
              2       0.000419              0
         2.0417       0.001539              0
         2.0833       0.003337              0
          2.125       0.005135              0
         2.1667       0.005453              0
         2.2083       0.005307              0
           2.25       0.004665              0
         2.2917        0.00382              0
         2.3333       0.003139              0
          2.375        0.00265              0
         2.4167       0.002162              0
         2.4583       0.001673              0
            2.5       0.001184              0
         2.5417       0.000695              0
         2.5833       0.000195              0
          2.625      -0.000389              0
         2.6667      -0.000973              0
         2.7083      -0.001557              0
           2.75      -0.002141              0
         2.7917      -0.002725              0
         2.8333      -0.003309              0
          2.875      -0.002889              0
         2.9167       -0.00242              0
         2.9583      -0.001951              0
              3      -0.001482              0
         3.0417      -0.001014              0
         3.0833      -0.000545              0
          3.125      -0.000201              0
         3.1667        4.2e-05              0
         3.2083       0.000285              0
           3.25       0.000528              0
         3.2917       0.000771              0
         3.3333       0.001014              0
          3.375       0.000945              0
         3.4167       0.000795              0
         3.4583       0.000646              0
            3.5       0.000496              0
         3.5417       0.000346              0
         3.5833       0.000197              0
          3.625        4.7e-05              0
         3.6667      -0.000103              0
         3.7083      -0.000252              0
           3.75      -0.000402              0
         3.7917      -0.000436              0
         3.8333      -0.000436              0
          3.875      -0.000436              0
         3.9167      -0.000436              0
         3.9583      -0.000436              0
              4      -0.000436              0
         4.0417      -0.000436              0
         4.0833      -0.000436              0
          4.125      -0.000436              0
