; gha4a.txt
              0        -14.057              0        -14.057        -87.536
       0.023438        -14.067              0        -14.067        -55.506
       0.046875        -14.098              0        -14.098        -49.613
       0.070313        -14.148              0        -14.148        -46.236
        0.09375        -14.217              0        -14.217        -43.818
        0.11719        -14.304              0        -14.304        -41.813
        0.14063        -14.408              0        -14.408        -39.978
        0.16406        -14.525              0        -14.525        -38.236
         0.1875        -14.654              0        -14.654        -36.598
        0.21094         -14.79              0         -14.79        -35.108
        0.23438         -14.93              0         -14.93        -33.796
        0.25781        -15.067              0        -15.067         -32.67
        0.28125        -15.194              0        -15.194        -31.711
        0.30469        -15.305              0        -15.305        -30.871
        0.32813         -15.39              0         -15.39        -30.079
        0.35156        -15.442              0        -15.442        -29.249
          0.375        -15.453              0        -15.453        -28.305
        0.39844        -15.416              0        -15.416        -27.206
        0.42188        -15.327              0        -15.327        -25.965
        0.44531        -15.185              0        -15.185        -24.629
        0.46875        -14.991              0        -14.991         -23.25
        0.49219         -14.75              0         -14.75        -21.872
        0.51563        -14.468              0        -14.468        -20.516
        0.53906        -14.155              0        -14.155        -19.195
         0.5625        -13.818              0        -13.818         -17.91
        0.58594        -13.466              0        -13.466        -16.663
        0.60938        -13.108              0        -13.108         -15.46
        0.63281        -12.749              0        -12.749        -14.306
        0.65625        -12.396              0        -12.396        -13.213
        0.67969        -12.053              0        -12.053         -12.19
        0.70313        -11.725              0        -11.725        -11.249
        0.72656        -11.415              0        -11.415        -10.399
           0.75        -11.123              0        -11.123        -9.6489
        0.77344        -10.853              0        -10.853        -9.0035
        0.79688        -10.606              0        -10.606        -8.4672
        0.82031        -10.381              0        -10.381        -8.0422
        0.84375        -10.179              0        -10.179         -7.729
        0.86719        -10.001              0        -10.001        -7.5265
        0.89063        -9.8465              0        -9.8465        -7.4316
        0.91406        -9.7146              0        -9.7146        -7.4388
         0.9375        -9.6049              0        -9.6049        -7.5397
        0.96094        -9.5165              0        -9.5165        -7.7221
        0.98438        -9.4485              0        -9.4485        -7.9692
         1.0078        -9.3997              0        -9.3997        -8.2592
         1.0313        -9.3683              0        -9.3683         -8.566
         1.0547        -9.3528              0        -9.3528        -8.8611
         1.0781         -9.351              0         -9.351         -9.118
         1.1016        -9.3606              0        -9.3606        -9.3174
          1.125        -9.3791              0        -9.3791         -9.452
         1.1484        -9.4034              0        -9.4034        -9.5269
         1.1719        -9.4306              0        -9.4306        -9.5571
         1.1953        -9.4572              0        -9.4572        -9.5617
         1.2188          -9.48              0          -9.48        -9.5582
         1.2422        -9.4955              0        -9.4955        -9.5593
         1.2656        -9.5005              0        -9.5005         -9.571
         1.2891        -9.4923              0        -9.4923        -9.5928
         1.3125        -9.4684              0        -9.4684        -9.6192
         1.3359        -9.4272              0        -9.4272        -9.6413
         1.3594        -9.3678              0        -9.3678        -9.6495
         1.3828        -9.2899              0        -9.2899        -9.6353
         1.4063        -9.1944              0        -9.1944         -9.593
         1.4297        -9.0824              0        -9.0824        -9.5202
         1.4531        -8.9561              0        -8.9561        -9.4177
         1.4766        -8.8179              0        -8.8179         -9.289
            1.5        -8.6703              0        -8.6703        -9.1387
         1.5234        -8.5163              0        -8.5163        -8.9721
         1.5469        -8.3585              0        -8.3585        -8.7948
         1.5703        -8.1995              0        -8.1995         -8.612
         1.5938        -8.0415              0        -8.0415        -8.4292
         1.6172        -7.8865              0        -7.8865        -8.2511
         1.6406        -7.7361              0        -7.7361        -8.0819
         1.6641        -7.5914              0        -7.5914         -7.925
         1.6875        -7.4533              0        -7.4533        -7.7821
         1.7109         -7.322              0         -7.322        -7.6531
         1.7344        -7.1978              0        -7.1978        -7.5361
         1.7578        -7.0801              0        -7.0801        -7.4273
         1.7813        -6.9683              0        -6.9683        -7.3217
         1.8047        -6.8614              0        -6.8614        -7.2137
         1.8281         -6.758              0         -6.758        -7.0983
         1.8516        -6.6567              0        -6.6567        -6.9715
          1.875        -6.5558              0        -6.5558        -6.8314
         1.8984        -6.4533              0        -6.4533        -6.6783
         1.9219        -6.3473              0        -6.3473         -6.514
         1.9453         -6.236              0         -6.236        -6.3415
         1.9688        -6.1175              0        -6.1175        -6.1642
         1.9922        -5.9902              0        -5.9902        -5.9848
         2.0156        -5.8528              0        -5.8528        -5.8055
         2.0391        -5.7044              0        -5.7044        -5.6273
         2.0625        -5.5444              0        -5.5444        -5.4503
         2.0859        -5.3726              0        -5.3726        -5.2743
         2.1094        -5.1895              0        -5.1895        -5.0986
         2.1328        -4.9958              0        -4.9958        -4.9227
         2.1563        -4.7926              0        -4.7926        -4.7464
         2.1797        -4.5814              0        -4.5814        -4.5695
         2.2031        -4.3639              0        -4.3639        -4.3917
         2.2266         -4.142              0         -4.142        -4.2127
           2.25        -3.9176              0        -3.9176        -4.0316
         2.2734        -3.6927              0        -3.6927        -3.8472
         2.2969        -3.4692              0        -3.4692        -3.6584
         2.3203        -3.2489              0        -3.2489        -3.4639
         2.3438        -3.0334              0        -3.0334        -3.2634
         2.3672        -2.8244              0        -2.8244        -3.0572
         2.3906        -2.6233              0        -2.6233        -2.8471
         2.4141        -2.4312              0        -2.4312        -2.6359
         2.4375        -2.2492              0        -2.2492        -2.4271
         2.4609        -2.0782              0        -2.0782        -2.2249
         2.4844        -1.9191              0        -1.9191        -2.0332
         2.5078        -1.7725              0        -1.7725        -1.8558
         2.5313         -1.639              0         -1.639        -1.6955
         2.5547        -1.5188              0        -1.5188         -1.554
         2.5781        -1.4125              0        -1.4125        -1.4324
         2.6016        -1.3203              0        -1.3203        -1.3307
          2.625        -1.2422              0        -1.2422        -1.2485
         2.6484        -1.1786              0        -1.1786        -1.1847
         2.6719        -1.1293              0        -1.1293        -1.1383
         2.6953        -1.0945              0        -1.0945        -1.1085
         2.7188         -1.074              0         -1.074        -1.0944
         2.7422        -1.0678              0        -1.0678        -1.0954
         2.7656        -1.0759              0        -1.0759        -1.1114
         2.7891        -1.0979              0        -1.0979        -1.1419
         2.8125        -1.1339              0        -1.1339        -1.1867
         2.8359        -1.1834              0        -1.1834        -1.2453
         2.8594        -1.2464              0        -1.2464        -1.3169
         2.8828        -1.3226              0        -1.3226        -1.4008
         2.9063        -1.4116              0        -1.4116         -1.496
         2.9297        -1.5131              0        -1.5131        -1.6016
         2.9531        -1.6269              0        -1.6269        -1.7169
         2.9766        -1.7525              0        -1.7525        -1.8416
              3        -1.8897              0        -1.8897        -1.9756
         3.0234         -2.038              0         -2.038        -2.1192
         3.0469        -2.1971              0        -2.1971        -2.2728
         3.0703        -2.3665              0        -2.3665        -2.4366
         3.0938        -2.5458              0        -2.5458        -2.6106
         3.1172        -2.7346              0        -2.7346        -2.7944
         3.1406        -2.9326              0        -2.9326        -2.9868
         3.1641        -3.1392              0        -3.1392        -3.1862
         3.1875         -3.354              0         -3.354        -3.3912
         3.2109        -3.5767              0        -3.5767        -3.5999
         3.2344        -3.8069              0        -3.8069        -3.8114
         3.2578        -4.0442              0        -4.0442        -4.0253
         3.2813        -4.2882              0        -4.2882        -4.2426
         3.3047        -4.5385              0        -4.5385        -4.4648
         3.3281         -4.795              0         -4.795        -4.6945
         3.3516        -5.0571              0        -5.0571        -4.9344
          3.375        -5.3248              0        -5.3248        -5.1868
         3.3984        -5.5976              0        -5.5976        -5.4537
         3.4219        -5.8753              0        -5.8753        -5.7355
         3.4453        -6.1578              0        -6.1578        -6.0317
         3.4688        -6.4446              0        -6.4446        -6.3405
         3.4922        -6.7357              0        -6.7357        -6.6591
         3.5156        -7.0306              0        -7.0306        -6.9843
         3.5391        -7.3291              0        -7.3291        -7.3129
         3.5625        -7.6309              0        -7.6309        -7.6424
         3.5859        -7.9355              0        -7.9355         -7.971
         3.6094        -8.2426              0        -8.2426        -8.2981
         3.6328        -8.5516              0        -8.5516        -8.6236
         3.6563        -8.8619              0        -8.8619        -8.9478
         3.6797         -9.173              0         -9.173        -9.2709
         3.7031        -9.4841              0        -9.4841        -9.5924
         3.7266        -9.7946              0        -9.7946        -9.9111
           3.75        -10.104              0        -10.104        -10.225
         3.7734         -10.41              0         -10.41        -10.532
         3.7969        -10.714              0        -10.714        -10.831
         3.8203        -11.014              0        -11.014        -11.121
         3.8438        -11.309              0        -11.309        -11.403
         3.8672        -11.599              0        -11.599        -11.681
         3.8906        -11.884              0        -11.884        -11.956
         3.9141        -12.163              0        -12.163        -12.233
         3.9375        -12.436              0        -12.436        -12.514
         3.9609        -12.703              0        -12.703          -12.8
         3.9844        -12.965              0        -12.965        -13.092
         4.0078        -13.223              0        -13.223        -13.387
         4.0313        -13.476              0        -13.476        -13.681
         4.0547        -13.727              0        -13.727         -13.97
         4.0781        -13.976              0        -13.976        -14.252
         4.1016        -14.224              0        -14.224        -14.524
          4.125        -14.473              0        -14.473        -14.786
         4.1484        -14.724              0        -14.724        -15.038
         4.1719        -14.977              0        -14.977        -15.281
         4.1953        -15.235              0        -15.235        -15.519
         4.2188        -15.497              0        -15.497        -15.751
         4.2422        -15.764              0        -15.764        -15.977
         4.2656        -16.037              0        -16.037        -16.198
         4.2891        -16.315              0        -16.315        -16.412
         4.3125        -16.598              0        -16.598        -16.619
         4.3359        -16.885              0        -16.885        -16.821
         4.3594        -17.175              0        -17.175         -17.02
         4.3828        -17.465              0        -17.465        -17.218
         4.4063        -17.755              0        -17.755         -17.42
         4.4297        -18.041              0        -18.041        -17.628
         4.4531         -18.32              0         -18.32        -17.842
         4.4766         -18.59              0         -18.59         -18.06
            4.5        -18.846              0        -18.846        -18.279
         4.5234        -19.087              0        -19.087        -18.493
         4.5469         -19.31              0         -19.31        -18.698
         4.5703        -19.512              0        -19.512         -18.89
         4.5938        -19.693              0        -19.693        -19.068
         4.6172        -19.853              0        -19.853        -19.236
         4.6406        -19.991              0        -19.991          -19.4
         4.6641         -20.11              0         -20.11        -19.565
         4.6875        -20.212              0        -20.212        -19.738
         4.7109        -20.301              0        -20.301         -19.92
         4.7344        -20.379              0        -20.379        -20.111
         4.7578        -20.451              0        -20.451        -20.305
         4.7813         -20.52              0         -20.52        -20.493
         4.8047        -20.589              0        -20.589        -20.665
         4.8281        -20.662              0        -20.662        -20.812
         4.8516        -20.742              0        -20.742        -20.929
          4.875         -20.83              0         -20.83        -21.016
         4.8984        -20.928              0        -20.928        -21.081
         4.9219        -21.038              0        -21.038        -21.133
         4.9453         -21.16              0         -21.16        -21.183
         4.9688        -21.294              0        -21.294         -21.24
         4.9922        -21.439              0        -21.439        -21.313
         5.0156        -21.595              0        -21.595        -21.403
         5.0391        -21.759              0        -21.759         -21.51
         5.0625         -21.93              0         -21.93        -21.632
         5.0859        -22.104              0        -22.104        -21.765
         5.1094        -22.279              0        -22.279        -21.905
         5.1328        -22.451              0        -22.451        -22.048
         5.1563        -22.616              0        -22.616        -22.192
         5.1797        -22.771              0        -22.771        -22.336
         5.2031        -22.912              0        -22.912        -22.478
         5.2266        -23.036              0        -23.036        -22.614
           5.25        -23.142              0        -23.142         -22.74
         5.2734        -23.227              0        -23.227        -22.848
         5.2969        -23.291              0        -23.291        -22.933
         5.3203        -23.335              0        -23.335        -22.988
         5.3438        -23.361              0        -23.361        -23.014
         5.3672        -23.372              0        -23.372        -23.012
         5.3906        -23.369              0        -23.369        -22.992
         5.4141        -23.358              0        -23.358        -22.964
         5.4375        -23.342              0        -23.342         -22.94
         5.4609        -23.325              0        -23.325         -22.93
         5.4844        -23.309              0        -23.309         -22.94
         5.5078          -23.3              0          -23.3        -22.972
         5.5313        -23.299              0        -23.299        -23.026
         5.5547        -23.309              0        -23.309        -23.096
         5.5781        -23.332              0        -23.332        -23.174
         5.6016        -23.371              0        -23.371        -23.253
          5.625        -23.427              0        -23.427         -23.33
         5.6484          -23.5              0          -23.5        -23.401
         5.6719        -23.592              0        -23.592         -23.47
         5.6953        -23.704              0        -23.704        -23.543
         5.7188        -23.835              0        -23.835        -23.628
         5.7422        -23.987              0        -23.987        -23.734
         5.7656        -24.159              0        -24.159        -23.867
         5.7891         -24.35              0         -24.35        -24.032
         5.8125        -24.561              0        -24.561         -24.23
         5.8359         -24.79              0         -24.79        -24.456
         5.8594        -25.038              0        -25.038        -24.707
         5.8828        -25.302              0        -25.302        -24.975
         5.9063        -25.582              0        -25.582        -25.254
         5.9297        -25.876              0        -25.876        -25.537
         5.9531        -26.182              0        -26.182        -25.823
         5.9766        -26.498              0        -26.498        -26.112
              6        -26.821              0        -26.821        -26.407
         6.0234        -27.147              0        -27.147        -26.713
         6.0469        -27.473              0        -27.473        -27.031
         6.0703        -27.794              0        -27.794        -27.362
         6.0938        -28.107              0        -28.107        -27.701
         6.1172        -28.406              0        -28.406        -28.036
         6.1406        -28.686              0        -28.686        -28.354
         6.1641        -28.944              0        -28.944        -28.637
         6.1875        -29.176              0        -29.176        -28.874
         6.2109        -29.379              0        -29.379        -29.058
         6.2344        -29.551              0        -29.551        -29.195
         6.2578        -29.692              0        -29.692        -29.297
         6.2813        -29.805              0        -29.805        -29.384
         6.3047        -29.892              0        -29.892        -29.476
         6.3281        -29.956              0        -29.956        -29.588
         6.3516        -30.003              0        -30.003        -29.731
          6.375        -30.039              0        -30.039        -29.907
         6.3984        -30.068              0        -30.068         -30.11
         6.4219        -30.096              0        -30.096        -30.331
         6.4453        -30.129              0        -30.129        -30.554
         6.4688         -30.17              0         -30.17        -30.767
         6.4922        -30.223              0        -30.223        -30.959
         6.5156        -30.291              0        -30.291        -31.127
         6.5391        -30.378              0        -30.378        -31.273
         6.5625        -30.483              0        -30.483        -31.406
         6.5859        -30.609              0        -30.609        -31.533
         6.6094        -30.755              0        -30.755         -31.66
         6.6328         -30.92              0         -30.92        -31.786
         6.6563        -31.102              0        -31.102        -31.907
         6.6797        -31.296              0        -31.296        -32.014
         6.7031        -31.498              0        -31.498        -32.098
         6.7266        -31.702              0        -31.702        -32.153
           6.75          -31.9              0          -31.9        -32.181
         6.7734        -32.082              0        -32.082         -32.19
         6.7969        -32.239              0        -32.239        -32.193
         6.8203        -32.361              0        -32.361        -32.199
         6.8438        -32.441              0        -32.441        -32.218
         6.8672        -32.472              0        -32.472        -32.249
         6.8906        -32.451              0        -32.451        -32.284
         6.9141        -32.381              0        -32.381        -32.307
         6.9375        -32.267              0        -32.267        -32.302
         6.9609        -32.115              0        -32.115        -32.254
         6.9844        -31.938              0        -31.938        -32.159
         7.0078        -31.744              0        -31.744        -32.026
         7.0313        -31.544              0        -31.544        -31.873
         7.0547        -31.348              0        -31.348        -31.724
         7.0781        -31.165              0        -31.165        -31.599
         7.1016        -31.001              0        -31.001        -31.514
          7.125        -30.861              0        -30.861        -31.478
         7.1484        -30.751              0        -30.751        -31.489
         7.1719        -30.674              0        -30.674        -31.536
         7.1953        -30.633              0        -30.633        -31.605
         7.2188        -30.631              0        -30.631        -31.677
         7.2422        -30.668              0        -30.668        -31.739
         7.2656        -30.746              0        -30.746        -31.783
         7.2891        -30.866              0        -30.866         -31.81
         7.3125        -31.029              0        -31.029        -31.831
         7.3359        -31.235              0        -31.235        -31.862
         7.3594        -31.484              0        -31.484        -31.919
         7.3828        -31.777              0        -31.777        -32.015
         7.4063        -32.112              0        -32.112        -32.159
         7.4297        -32.488              0        -32.488        -32.352
         7.4531        -32.905              0        -32.905        -32.591
         7.4766        -33.358              0        -33.358        -32.871
            7.5        -33.846              0        -33.846        -33.186
         7.5234        -34.363              0        -34.363        -33.533
         7.5469        -34.904              0        -34.904        -33.916
         7.5703        -35.462              0        -35.462        -34.345
         7.5938        -36.031              0        -36.031        -34.836
         7.6172        -36.602              0        -36.602        -35.409
         7.6406        -37.167              0        -37.167        -36.082
         7.6641        -37.722              0        -37.722        -36.868
         7.6875        -38.263              0        -38.263        -37.771
         7.7109        -38.791              0        -38.791        -38.779
         7.7344        -39.313              0        -39.313        -39.859
         7.7578        -39.839              0        -39.839        -40.951
         7.7813        -40.384              0        -40.384        -41.984
         7.8047        -40.965              0        -40.965        -42.898
         7.8281        -41.601              0        -41.601        -43.683
         7.8516        -42.305              0        -42.305         -44.38
          7.875        -43.084              0        -43.084        -45.048
         7.8984         -43.92              0         -43.92        -45.694
         7.9219         -44.75              0         -44.75        -46.212
         7.9453        -45.427              0        -45.427        -46.372
         7.9688        -45.717              0        -45.717        -45.972
         7.9922        -45.412              0        -45.412        -45.051
         8.0156        -44.517              0        -44.517        -43.862
         8.0391        -43.248              0        -43.248         -42.64
         8.0625        -41.843              0        -41.843        -41.506
         8.0859        -40.453              0        -40.453        -40.491
         8.1094        -39.148              0        -39.148        -39.578
         8.1328        -37.953              0        -37.953        -38.732
         8.1563         -36.87              0         -36.87         -37.92
         8.1797        -35.896              0        -35.896        -37.122
         8.2031        -35.023              0        -35.023        -36.336
         8.2266        -34.243              0        -34.243        -35.574
           8.25        -33.547              0        -33.547        -34.857
         8.2734         -32.93              0         -32.93        -34.203
         8.2969        -32.384              0        -32.384        -33.624
         8.3203        -31.905              0        -31.905        -33.123
         8.3438        -31.487              0        -31.487        -32.695
         8.3672        -31.126              0        -31.126        -32.325
         8.3906        -30.818              0        -30.818        -31.997
         8.4141        -30.558              0        -30.558        -31.688
         8.4375        -30.343              0        -30.343        -31.383
         8.4609        -30.169              0        -30.169        -31.072
         8.4844        -30.032              0        -30.032        -30.755
         8.5078        -29.928              0        -29.928        -30.441
         8.5313        -29.852              0        -29.852        -30.142
         8.5547        -29.799              0        -29.799        -29.874
         8.5781        -29.765              0        -29.765        -29.649
         8.6016        -29.744              0        -29.744        -29.472
          8.625        -29.731              0        -29.731        -29.343
         8.6484         -29.72              0         -29.72        -29.256
         8.6719        -29.707              0        -29.707        -29.198
         8.6953        -29.688              0        -29.688        -29.157
         8.7188        -29.658              0        -29.658        -29.119
         8.7422        -29.616              0        -29.616        -29.076
         8.7656         -29.56              0         -29.56        -29.023
         8.7891        -29.493              0        -29.493        -28.964
         8.8125        -29.414              0        -29.414        -28.906
         8.8359        -29.329              0        -29.329         -28.86
         8.8594         -29.24              0         -29.24        -28.834
         8.8828        -29.153              0        -29.153        -28.834
         8.9063        -29.072              0        -29.072         -28.86
         8.9297        -29.003              0        -29.003        -28.912
         8.9531        -28.951              0        -28.951        -28.984
         8.9766        -28.919              0        -28.919        -29.071
              9        -28.913              0        -28.913        -29.171
         9.0234        -28.937              0        -28.937        -29.281
         9.0469        -28.993              0        -28.993        -29.406
         9.0703        -29.086              0        -29.086         -29.55
         9.0938        -29.219              0        -29.219        -29.717
         9.1172        -29.394              0        -29.394        -29.913
         9.1406        -29.615              0        -29.615        -30.134
         9.1641        -29.884              0        -29.884        -30.377
         9.1875        -30.203              0        -30.203        -30.629
         9.2109        -30.576              0        -30.576        -30.879
         9.2344        -31.005              0        -31.005        -31.117
         9.2578        -31.493              0        -31.493        -31.338
         9.2813         -32.04              0         -32.04        -31.545
         9.3047         -32.65              0         -32.65        -31.755
         9.3281        -33.321              0        -33.321        -31.986
         9.3516         -34.05              0         -34.05        -32.262
          9.375        -34.832              0        -34.832        -32.604
         9.3984        -35.651              0        -35.651        -33.026
         9.4219        -36.484              0        -36.484        -33.535
         9.4453        -37.292              0        -37.292        -34.129
         9.4688        -38.019              0        -38.019        -34.793
         9.4922          -38.6              0          -38.6        -35.502
         9.5156        -38.975              0        -38.975        -36.223
         9.5391        -39.117              0        -39.117         -36.92
         9.5625         -39.04              0         -39.04        -37.557
         9.5859        -38.797              0        -38.797        -38.107
         9.6094        -38.453              0        -38.453        -38.543
         9.6328        -38.065              0        -38.065        -38.832
         9.6563        -37.675              0        -37.675        -38.929
         9.6797        -37.308              0        -37.308        -38.793
         9.7031        -36.976              0        -36.976        -38.414
         9.7266        -36.683              0        -36.683         -37.83
           9.75        -36.426              0        -36.426        -37.119
         9.7734        -36.195              0        -36.195        -36.362
         9.7969        -35.982              0        -35.982        -35.624
         9.8203        -35.772              0        -35.772        -34.944
         9.8438        -35.551              0        -35.551        -34.335
         9.8672        -35.308              0        -35.308        -33.796
         9.8906        -35.032              0        -35.032        -33.317
         9.9141        -34.716              0        -34.716        -32.882
         9.9375        -34.358              0        -34.358        -32.477
         9.9609        -33.963              0        -33.963        -32.094
         9.9844        -33.536              0        -33.536        -31.732
         10.008        -33.087              0        -33.087        -31.396
         10.031        -32.628              0        -32.628        -31.095
         10.055        -32.169              0        -32.169        -30.838
         10.078         -31.72              0         -31.72        -30.631
         10.102         -31.29              0         -31.29        -30.475
         10.125        -30.885              0        -30.885        -30.365
         10.148         -30.51              0         -30.51        -30.291
         10.172        -30.171              0        -30.171        -30.236
         10.195        -29.869              0        -29.869        -30.186
         10.219        -29.606              0        -29.606        -30.126
         10.242        -29.385              0        -29.385        -30.047
         10.266        -29.206              0        -29.206         -29.95
         10.289        -29.069              0        -29.069        -29.839
         10.313        -28.974              0        -28.974        -29.725
         10.336        -28.921              0        -28.921        -29.617
         10.359        -28.909              0        -28.909        -29.522
         10.383        -28.937              0        -28.937        -29.444
         10.406        -29.004              0        -29.004        -29.379
          10.43        -29.106              0        -29.106        -29.322
         10.453        -29.241              0        -29.241        -29.267
         10.477        -29.405              0        -29.405         -29.21
           10.5        -29.593              0        -29.593         -29.15
         10.523        -29.797              0        -29.797        -29.092
         10.547        -30.011              0        -30.011        -29.043
          10.57        -30.224              0        -30.224        -29.011
         10.594        -30.425              0        -30.425            -29
         10.617        -30.603              0        -30.603        -29.014
         10.641        -30.747              0        -30.747        -29.047
         10.664        -30.847              0        -30.847        -29.091
         10.688        -30.896              0        -30.896        -29.132
         10.711        -30.891              0        -30.891        -29.159
         10.734        -30.835              0        -30.835        -29.162
         10.758        -30.733              0        -30.733        -29.139
         10.781        -30.595              0        -30.595        -29.095
         10.805        -30.432              0        -30.432        -29.045
         10.828        -30.256              0        -30.256        -29.001
         10.852        -30.078              0        -30.078        -28.977
         10.875        -29.908              0        -29.908        -28.981
         10.898        -29.756              0        -29.756        -29.016
         10.922        -29.629              0        -29.629        -29.077
         10.945        -29.532              0        -29.532        -29.155
         10.969         -29.47              0         -29.47        -29.237
         10.992        -29.449              0        -29.449        -29.312
         11.016         -29.47              0         -29.47        -29.373
         11.039        -29.537              0        -29.537        -29.419
         11.063        -29.652              0        -29.652        -29.456
         11.086        -29.817              0        -29.817        -29.495
         11.109        -30.035              0        -30.035        -29.549
         11.133        -30.308              0        -30.308         -29.63
         11.156        -30.637              0        -30.637        -29.743
          11.18        -31.025              0        -31.025        -29.891
         11.203        -31.473              0        -31.473        -30.073
         11.227        -31.982              0        -31.982        -30.284
          11.25        -32.552              0        -32.552         -30.52
         11.273         -33.18              0         -33.18        -30.777
         11.297         -33.86              0         -33.86        -31.058
          11.32         -34.58              0         -34.58        -31.368
         11.344        -35.317              0        -35.317        -31.717
         11.367        -36.035              0        -36.035        -32.114
         11.391        -36.682              0        -36.682        -32.565
         11.414        -37.191              0        -37.191        -33.069
         11.438        -37.498              0        -37.498        -33.612
         11.461        -37.564              0        -37.564        -34.165
         11.484        -37.397              0        -37.397        -34.683
         11.508        -37.042              0        -37.042        -35.113
         11.531        -36.566              0        -36.566        -35.402
         11.555        -36.032              0        -36.032        -35.524
         11.578        -35.488              0        -35.488         -35.48
         11.602        -34.963              0        -34.963        -35.294
         11.625        -34.477              0        -34.477        -34.998
         11.648        -34.039              0        -34.039        -34.614
         11.672        -33.652              0        -33.652        -34.159
         11.695        -33.317              0        -33.317        -33.644
         11.719         -33.03              0         -33.03        -33.084
         11.742        -32.791              0        -32.791        -32.497
         11.766        -32.593              0        -32.593        -31.909
         11.789        -32.434              0        -32.434        -31.343
         11.813        -32.309              0        -32.309        -30.822
         11.836        -32.213              0        -32.213        -30.362
         11.859        -32.141              0        -32.141        -29.972
         11.883        -32.089              0        -32.089        -29.653
         11.906        -32.054              0        -32.054        -29.406
          11.93         -32.03              0         -32.03        -29.225
         11.953        -32.016              0        -32.016        -29.102
         11.977        -32.008              0        -32.008        -29.032
             12        -32.006              0        -32.006        -29.009
