; gha4b.txt
              0        -28.307        -168.58           -180        -87.536
       0.023438        -28.252        -28.437        -56.689        -55.506
       0.046875        -28.086        -22.426        -50.512        -49.613
       0.070313        -27.803        -18.919        -46.722        -46.236
        0.09375        -27.401        -16.441        -43.842        -43.818
        0.11719        -26.879         -14.53        -41.408        -41.813
        0.14063        -26.245        -12.979        -39.224        -39.978
        0.16406        -25.516        -11.679        -37.195        -38.236
         0.1875        -24.712        -10.564        -35.276        -36.598
        0.21094        -23.857        -9.5925        -33.449        -35.108
        0.23438        -22.972        -8.7345        -31.706        -33.796
        0.25781        -22.076        -7.9699        -30.046         -32.67
        0.28125        -21.185        -7.2835        -28.468        -31.711
        0.30469        -20.309        -6.6637        -26.972        -30.871
        0.32813        -19.456        -6.1016        -25.558        -30.079
        0.35156        -18.632        -5.5902        -24.222        -29.249
          0.375        -17.841        -5.1236        -22.964        -28.305
        0.39844        -17.083        -4.6972         -21.78        -27.206
        0.42188        -16.361        -4.3072        -20.668        -25.965
        0.44531        -15.674        -3.9504        -19.624        -24.629
        0.46875        -15.023        -3.6239        -18.647         -23.25
        0.49219        -14.406        -3.3256        -17.732        -21.872
        0.51563        -13.824        -3.0534        -16.878        -20.516
        0.53906        -13.276        -2.8055        -16.082        -19.195
         0.5625        -12.761        -2.5806        -15.342         -17.91
        0.58594        -12.278        -2.3773        -14.655        -16.663
        0.60938        -11.826        -2.1944        -14.021         -15.46
        0.63281        -11.405         -2.031        -13.436        -14.306
        0.65625        -11.013        -1.8862        -12.899        -13.213
        0.67969         -10.65        -1.7591        -12.409         -12.19
        0.70313        -10.315        -1.6492        -11.964        -11.249
        0.72656        -10.007        -1.5556        -11.563        -10.399
           0.75        -9.7255        -1.4779        -11.203        -9.6489
        0.77344        -9.4692        -1.4155        -10.885        -9.0035
        0.79688        -9.2373         -1.368        -10.605        -8.4672
        0.82031        -9.0287         -1.335        -10.364        -8.0422
        0.84375        -8.8423        -1.3161        -10.158         -7.729
        0.86719        -8.6769        -1.3108        -9.9877        -7.5265
        0.89063         -8.531         -1.319          -9.85        -7.4316
        0.91406        -8.4031        -1.3402        -9.7433        -7.4388
         0.9375        -8.2914        -1.3742        -9.6656        -7.5397
        0.96094        -8.1939        -1.4207        -9.6146        -7.7221
        0.98438        -8.1083        -1.4795        -9.5877        -7.9692
         1.0078        -8.0321        -1.5502        -9.5823        -8.2592
         1.0313        -7.9626        -1.6327        -9.5953         -8.566
         1.0547        -7.8968        -1.7266        -9.6234        -8.8611
         1.0781        -7.8314        -1.8317        -9.6631         -9.118
         1.1016         -7.763        -1.9477        -9.7108        -9.3174
          1.125        -7.6884        -2.0744        -9.7628         -9.452
         1.1484        -7.6043        -2.2113        -9.8155        -9.5269
         1.1719        -7.5075        -2.3581        -9.8656        -9.5571
         1.1953        -7.3954        -2.5145        -9.9098        -9.5617
         1.2188        -7.2659        -2.6799        -9.9458        -9.5582
         1.2422        -7.1176         -2.854        -9.9716        -9.5593
         1.2656        -6.9499         -3.036        -9.9859         -9.571
         1.2891        -6.7628        -3.2255        -9.9883        -9.5928
         1.3125        -6.5575        -3.4216        -9.9791        -9.6192
         1.3359        -6.3353        -3.6235        -9.9589        -9.6413
         1.3594        -6.0987        -3.8304         -9.929        -9.6495
         1.3828          -5.85         -4.041         -9.891        -9.6353
         1.4063        -5.5921        -4.2543        -9.8464         -9.593
         1.4297        -5.3279        -4.4689        -9.7968        -9.5202
         1.4531        -5.0602        -4.6832        -9.7434        -9.4177
         1.4766        -4.7917        -4.8958        -9.6875         -9.289
            1.5        -4.5248        -5.1047        -9.6295        -9.1387
         1.5234        -4.2616        -5.3082        -9.5698        -8.9721
         1.5469        -4.0041        -5.5041        -9.5082        -8.7948
         1.5703        -3.7539        -5.6904        -9.4442         -8.612
         1.5938         -3.512        -5.8649         -9.377        -8.4292
         1.6172        -3.2797        -6.0257        -9.3054        -8.2511
         1.6406        -3.0575        -6.1707        -9.2281        -8.0819
         1.6641        -2.8459        -6.2981         -9.144         -7.925
         1.6875        -2.6453        -6.4063        -9.0516        -7.7821
         1.7109        -2.4556        -6.4941        -8.9497        -7.6531
         1.7344        -2.2767        -6.5606        -8.8373        -7.5361
         1.7578        -2.1084        -6.6054        -8.7138        -7.4273
         1.7813        -1.9504        -6.6282        -8.5786        -7.3217
         1.8047        -1.8019        -6.6296        -8.4315        -7.2137
         1.8281        -1.6625        -6.6102        -8.2726        -7.0983
         1.8516        -1.5313         -6.571        -8.1023        -6.9715
          1.875        -1.4077        -6.5135        -7.9212        -6.8314
         1.8984        -1.2907        -6.4392        -7.7299        -6.6783
         1.9219        -1.1794        -6.3498        -7.5292         -6.514
         1.9453        -1.0731         -6.247        -7.3201        -6.3415
         1.9688       -0.97076        -6.1324        -7.1032        -6.1642
         1.9922       -0.87157        -6.0079        -6.8795        -5.9848
         2.0156       -0.77472        -5.8751        -6.6498        -5.8055
         2.0391       -0.67949        -5.7353        -6.4148        -5.6273
         2.0625       -0.58524        -5.5901        -6.1753        -5.4503
         2.0859       -0.49146        -5.4406         -5.932        -5.2743
         2.1094       -0.39774        -5.2879        -5.6857        -5.0986
         2.1328       -0.30382        -5.1331        -5.4369        -4.9227
         2.1563       -0.20961         -4.977        -5.1866        -4.7464
         2.1797       -0.11513        -4.8202        -4.9354        -4.5695
         2.2031      -0.020561        -4.6636        -4.6841        -4.3917
         2.2266        0.07379        -4.5076        -4.4338        -4.2127
           2.25        0.16749        -4.3527        -4.1852        -4.0316
         2.2734        0.25999        -4.1994        -3.9394        -3.8472
         2.2969        0.35068         -4.048        -3.6973        -3.6584
         2.3203        0.43886        -3.8989          -3.46        -3.4639
         2.3438        0.52379        -3.7524        -3.2286        -3.2634
         2.3672         0.6047        -3.6087         -3.004        -3.0572
         2.3906         0.6808        -3.4681        -2.7873        -2.8471
         2.4141        0.75134        -3.3308        -2.5794        -2.6359
         2.4375        0.81555        -3.1971        -2.3815        -2.4271
         2.4609        0.87273        -3.0671        -2.1944        -2.2249
         2.4844        0.92221        -2.9411        -2.0189        -2.0332
         2.5078        0.96338        -2.8193         -1.856        -1.8558
         2.5313        0.99568        -2.7019        -1.7063        -1.6955
         2.5547         1.0186        -2.5891        -1.5705         -1.554
         2.5781         1.0318        -2.4811        -1.4493        -1.4324
         2.6016         1.0349        -2.3782        -1.3432        -1.3307
          2.625         1.0277        -2.2804        -1.2527        -1.2485
         2.6484         1.0099         -2.188        -1.1781        -1.1847
         2.6719        0.98145        -2.1012        -1.1198        -1.1383
         2.6953        0.94238        -2.0202        -1.0779        -1.1085
         2.7188        0.89273        -1.9453        -1.0526        -1.0944
         2.7422        0.83267        -1.8766        -1.0439        -1.0954
         2.7656        0.76244        -1.8142        -1.0518        -1.1114
         2.7891        0.68239        -1.7585        -1.0761        -1.1419
         2.8125        0.59293        -1.7096        -1.1167        -1.1867
         2.8359        0.49459        -1.6677        -1.1731        -1.2453
         2.8594        0.38799        -1.6329        -1.2449        -1.3169
         2.8828        0.27382        -1.6055        -1.3317        -1.4008
         2.9063        0.15287        -1.5857        -1.4328         -1.496
         2.9297       0.026015        -1.5735        -1.5475        -1.6016
         2.9531       -0.10581        -1.5692         -1.675        -1.7169
         2.9766       -0.24162         -1.573        -1.8146        -1.8416
              3       -0.38035        -1.5849        -1.9653        -1.9756
         3.0234       -0.52095        -1.6052        -2.1261        -2.1192
         3.0469       -0.66234        -1.6339        -2.2963        -2.2728
         3.0703       -0.80349        -1.6713        -2.4748        -2.4366
         3.0938       -0.94339        -1.7174        -2.6608        -2.6106
         3.1172        -1.0811        -1.7723        -2.8534        -2.7944
         3.1406         -1.216        -1.8361        -3.0521        -2.9868
         3.1641        -1.3472        -1.9089        -3.2561        -3.1862
         3.1875        -1.4743        -1.9908         -3.465        -3.3912
         3.2109         -1.597        -2.0817        -3.6787        -3.5999
         3.2344        -1.7152        -2.1817        -3.8969        -3.8114
         3.2578         -1.829        -2.2907        -4.1197        -4.0253
         3.2813        -1.9387        -2.4087        -4.3474        -4.2426
         3.3047        -2.0448        -2.5355        -4.5803        -4.4648
         3.3281        -2.1478         -2.671        -4.8189        -4.6945
         3.3516        -2.2487         -2.815        -5.0637        -4.9344
          3.375        -2.3483        -2.9671        -5.3153        -5.1868
         3.3984        -2.4475        -3.1269        -5.5744        -5.4537
         3.4219        -2.5476        -3.2939        -5.8415        -5.7355
         3.4453        -2.6495        -3.4676        -6.1171        -6.0317
         3.4688        -2.7543        -3.6472        -6.4014        -6.3405
         3.4922        -2.8631        -3.8317        -6.6948        -6.6591
         3.5156         -2.977        -4.0201        -6.9971        -6.9843
         3.5391        -3.0969        -4.2112        -7.3081        -7.3129
         3.5625        -3.2237        -4.4035        -7.6272        -7.6424
         3.5859        -3.3583        -4.5954        -7.9537         -7.971
         3.6094        -3.5014         -4.785        -8.2864        -8.2981
         3.6328        -3.6538        -4.9702         -8.624        -8.6236
         3.6563         -3.816        -5.1488        -8.9648        -8.9478
         3.6797        -3.9886        -5.3184         -9.307        -9.2709
         3.7031         -4.172        -5.4765        -9.6485        -9.5924
         3.7266        -4.3667        -5.6206        -9.9873        -9.9111
           3.75        -4.5728        -5.7483        -10.321        -10.225
         3.7734        -4.7908        -5.8574        -10.648        -10.532
         3.7969        -5.0207        -5.9459        -10.967        -10.831
         3.8203        -5.2628        -6.0123        -11.275        -11.121
         3.8438         -5.517        -6.0555        -11.572        -11.403
         3.8672        -5.7835        -6.0751        -11.859        -11.681
         3.8906        -6.0622        -6.0712        -12.133        -11.956
         3.9141        -6.3531        -6.0446        -12.398        -12.233
         3.9375        -6.6561        -5.9965        -12.653        -12.514
         3.9609        -6.9709        -5.9287          -12.9          -12.8
         3.9844        -7.2975        -5.8433        -13.141        -13.092
         4.0078        -7.6356        -5.7426        -13.378        -13.387
         4.0313        -7.9848        -5.6292        -13.614        -13.681
         4.0547        -8.3449        -5.5054         -13.85         -13.97
         4.0781        -8.7152         -5.374        -14.089        -14.252
         4.1016        -9.0954         -5.237        -14.332        -14.524
          4.125        -9.4846        -5.0969        -14.582        -14.786
         4.1484        -9.8821        -4.9556        -14.838        -15.038
         4.1719        -10.287        -4.8148        -15.102        -15.281
         4.1953        -10.698        -4.6762        -15.374        -15.519
         4.2188        -11.113         -4.541        -15.654        -15.751
         4.2422        -11.531        -4.4106        -15.942        -15.977
         4.2656         -11.95        -4.2858        -16.236        -16.198
         4.2891        -12.368        -4.1676        -16.535        -16.412
         4.3125        -12.781        -4.0565        -16.837        -16.619
         4.3359        -13.186         -3.953        -17.139        -16.821
         4.3594        -13.581        -3.8578        -17.438         -17.02
         4.3828         -13.96        -3.7709        -17.731        -17.218
         4.4063        -14.322        -3.6927        -18.015         -17.42
         4.4297        -14.661        -3.6233        -18.284        -17.628
         4.4531        -14.975        -3.5627        -18.537        -17.842
         4.4766         -15.26         -3.511        -18.771         -18.06
            4.5        -15.515        -3.4681        -18.983        -18.279
         4.5234        -15.739        -3.4338        -19.172        -18.493
         4.5469        -15.931         -3.408        -19.339        -18.698
         4.5703        -16.093        -3.3904        -19.483         -18.89
         4.5938        -16.227        -3.3809        -19.608        -19.068
         4.6172        -16.337        -3.3789        -19.716        -19.236
         4.6406        -16.425        -3.3843        -19.809          -19.4
         4.6641        -16.497        -3.3965        -19.894        -19.565
         4.6875        -16.557         -3.415        -19.972        -19.738
         4.7109        -16.608        -3.4395        -20.047         -19.92
         4.7344        -16.655        -3.4692        -20.124        -20.111
         4.7578        -16.701        -3.5036        -20.205        -20.305
         4.7813         -16.75        -3.5421        -20.293        -20.493
         4.8047        -16.805        -3.5839        -20.389        -20.665
         4.8281        -16.866        -3.6283        -20.494        -20.812
         4.8516        -16.937        -3.6745        -20.611        -20.929
          4.875        -17.017        -3.7217        -20.739        -21.016
         4.8984        -17.108        -3.7691        -20.878        -21.081
         4.9219        -17.211        -3.8159        -21.027        -21.133
         4.9453        -17.324        -3.8612        -21.185        -21.183
         4.9688        -17.448        -3.9042        -21.352         -21.24
         4.9922        -17.581        -3.9441        -21.525        -21.313
         5.0156        -17.721        -3.9803        -21.702        -21.403
         5.0391        -17.869        -4.0119        -21.881         -21.51
         5.0625        -18.021        -4.0384        -22.059        -21.632
         5.0859        -18.175        -4.0593        -22.234        -21.765
         5.1094        -18.328        -4.0742        -22.403        -21.905
         5.1328         -18.48        -4.0828        -22.563        -22.048
         5.1563        -18.626         -4.085        -22.711        -22.192
         5.1797        -18.766        -4.0807        -22.846        -22.336
         5.2031        -18.896          -4.07        -22.965        -22.478
         5.2266        -19.015        -4.0531        -23.068        -22.614
           5.25        -19.122        -4.0304        -23.152         -22.74
         5.2734        -19.216        -4.0022        -23.219        -22.848
         5.2969        -19.298        -3.9693        -23.268        -22.933
         5.3203        -19.368        -3.9321        -23.301        -22.988
         5.3438        -19.428        -3.8913        -23.319        -23.014
         5.3672        -19.478        -3.8476        -23.326        -23.012
         5.3906        -19.522        -3.8019        -23.324        -22.992
         5.4141        -19.561        -3.7547        -23.316        -22.964
         5.4375        -19.598         -3.707        -23.305         -22.94
         5.4609        -19.635        -3.6593        -23.295         -22.93
         5.4844        -19.675        -3.6125        -23.288         -22.94
         5.5078        -19.721        -3.5672        -23.288        -22.972
         5.5313        -19.773         -3.524        -23.297        -23.026
         5.5547        -19.834        -3.4836        -23.318        -23.096
         5.5781        -19.906        -3.4464        -23.352        -23.174
         5.6016         -19.99         -3.413        -23.403        -23.253
          5.625        -20.087        -3.3838        -23.471         -23.33
         5.6484        -20.198        -3.3591        -23.557        -23.401
         5.6719        -20.323        -3.3394        -23.662         -23.47
         5.6953        -20.463        -3.3248        -23.788        -23.543
         5.7188        -20.618        -3.3156        -23.934        -23.628
         5.7422        -20.788        -3.3119          -24.1        -23.734
         5.7656        -20.973        -3.3139        -24.287        -23.867
         5.7891        -21.172        -3.3216        -24.493        -24.032
         5.8125        -21.383        -3.3349        -24.718         -24.23
         5.8359        -21.608        -3.3539        -24.961        -24.456
         5.8594        -21.843        -3.3785        -25.221        -24.707
         5.8828        -22.087        -3.4083        -25.496        -24.975
         5.9063        -22.339        -3.4434        -25.783        -25.254
         5.9297        -22.597        -3.4832         -26.08        -25.537
         5.9531        -22.858        -3.5276        -26.386        -25.823
         5.9766         -23.12        -3.5761        -26.696        -26.112
              6        -23.379        -3.6283        -27.008        -26.407
         6.0234        -23.634        -3.6836        -27.317        -26.713
         6.0469         -23.88        -3.7416        -27.622        -27.031
         6.0703        -24.115        -3.8016        -27.917        -27.362
         6.0938        -24.336        -3.8629        -28.199        -27.701
         6.1172        -24.541        -3.9248        -28.466        -28.036
         6.1406        -24.727        -3.9866        -28.714        -28.354
         6.1641        -24.894        -4.0475        -28.942        -28.637
         6.1875         -25.04        -4.1068        -29.147        -28.874
         6.2109        -25.166        -4.1636         -29.33        -29.058
         6.2344        -25.274        -4.2171        -29.491        -29.195
         6.2578        -25.364        -4.2666         -29.63        -29.297
         6.2813        -25.439        -4.3114         -29.75        -29.384
         6.3047        -25.502        -4.3507        -29.853        -29.476
         6.3281        -25.557        -4.3841        -29.941        -29.588
         6.3516        -25.608         -4.411        -30.019        -29.731
          6.375        -25.657        -4.4309        -30.088        -29.907
         6.3984        -25.708        -4.4437        -30.152         -30.11
         6.4219        -25.765        -4.4492        -30.214        -30.331
         6.4453        -25.831        -4.4474        -30.278        -30.554
         6.4688        -25.908        -4.4383        -30.346        -30.767
         6.4922        -25.999        -4.4222        -30.421        -30.959
         6.5156        -26.105        -4.3994        -30.504        -31.127
         6.5391        -26.228        -4.3705        -30.598        -31.273
         6.5625        -26.369         -4.336        -30.705        -31.406
         6.5859        -26.528        -4.2964        -30.824        -31.533
         6.6094        -26.704        -4.2526        -30.956         -31.66
         6.6328        -26.896        -4.2052        -31.102        -31.786
         6.6563        -27.103         -4.155        -31.258        -31.907
         6.6797        -27.321        -4.1027        -31.424        -32.014
         6.7031        -27.546        -4.0492        -31.595        -32.098
         6.7266        -27.772        -3.9952        -31.767        -32.153
           6.75        -27.993        -3.9413        -31.934        -32.181
         6.7734        -28.201        -3.8884        -32.089         -32.19
         6.7969        -28.388         -3.837        -32.225        -32.193
         6.8203        -28.547        -3.7877        -32.335        -32.199
         6.8438        -28.669        -3.7411         -32.41        -32.218
         6.8672        -28.749        -3.6977        -32.447        -32.249
         6.8906        -28.784        -3.6578        -32.442        -32.284
         6.9141        -28.774        -3.6219        -32.396        -32.307
         6.9375        -28.721        -3.5903        -32.311        -32.302
         6.9609        -28.631        -3.5632        -32.194        -32.254
         6.9844        -28.512        -3.5409        -32.053        -32.159
         7.0078        -28.372        -3.5235        -31.896        -32.026
         7.0313        -28.221         -3.511        -31.732        -31.873
         7.0547        -28.068        -3.5036        -31.572        -31.724
         7.0781         -27.92        -3.5012        -31.421        -31.599
         7.1016        -27.784        -3.5038        -31.287        -31.514
          7.125        -27.665        -3.5113        -31.177        -31.478
         7.1484         -27.57        -3.5234        -31.093        -31.489
         7.1719          -27.5        -3.5401        -31.041        -31.536
         7.1953         -27.46         -3.561        -31.021        -31.605
         7.2188        -27.452        -3.5859        -31.038        -31.677
         7.2422        -27.477        -3.6144        -31.091        -31.739
         7.2656        -27.536        -3.6461        -31.182        -31.783
         7.2891         -27.63        -3.6805        -31.311         -31.81
         7.3125         -27.76        -3.7173        -31.478        -31.831
         7.3359        -27.926        -3.7559        -31.682        -31.862
         7.3594        -28.127        -3.7958        -31.923        -31.919
         7.3828        -28.363        -3.8364          -32.2        -32.015
         7.4063        -28.633        -3.8772         -32.51        -32.159
         7.4297        -28.936        -3.9175        -32.854        -32.352
         7.4531        -29.271        -3.9567        -33.227        -32.591
         7.4766        -29.634        -3.9943        -33.629        -32.871
            7.5        -30.026        -4.0297        -34.055        -33.186
         7.5234        -30.442        -4.0622        -34.504        -33.533
         7.5469        -30.881        -4.0915        -34.972        -33.916
         7.5703         -31.34        -4.1171        -35.457        -34.345
         7.5938        -31.817        -4.1384        -35.955        -34.836
         7.6172         -32.31        -4.1553        -36.465        -35.409
         7.6406        -32.819        -4.1674        -36.987        -36.082
         7.6641        -33.345        -4.1745         -37.52        -36.868
         7.6875        -33.891        -4.1766        -38.067        -37.771
         7.7109        -34.461        -4.1735        -38.635        -38.779
         7.7344        -35.063        -4.1655        -39.228        -39.859
         7.7578        -35.707        -4.1527        -39.859        -40.951
         7.7813        -36.404        -4.1353        -40.539        -41.984
         7.8047        -37.168        -4.1137        -41.282        -42.898
         7.8281        -38.014        -4.0882        -42.102        -43.683
         7.8516        -38.948        -4.0592        -43.007         -44.38
          7.875        -39.965        -4.0273        -43.992        -45.048
         7.8984        -41.019         -3.993        -45.012        -45.694
         7.9219        -41.986        -3.9568        -45.943        -46.212
         7.9453         -42.62        -3.9193        -46.539        -46.372
         7.9688        -42.624         -3.881        -46.505        -45.972
         7.9922        -41.904        -3.8425        -45.747        -45.051
         8.0156         -40.68        -3.8042        -44.485        -43.862
         8.0391        -39.253        -3.7668         -43.02         -42.64
         8.0625        -37.822        -3.7307        -41.553        -41.506
         8.0859        -36.476        -3.6964        -40.173        -40.491
         8.1094        -35.246        -3.6642         -38.91        -39.578
         8.1328        -34.134        -3.6346        -37.769        -38.732
         8.1563        -33.136        -3.6078        -36.743         -37.92
         8.1797         -32.24        -3.5841        -35.824        -37.122
         8.2031        -31.438        -3.5639        -35.002        -36.336
         8.2266        -30.721        -3.5472        -34.268        -35.574
           8.25        -30.081        -3.5342        -33.616        -34.857
         8.2734        -29.512        -3.5251        -33.037        -34.203
         8.2969        -29.007        -3.5199        -32.527        -33.624
         8.3203        -28.561        -3.5186         -32.08        -33.123
         8.3438         -28.17        -3.5211        -31.691        -32.695
         8.3672        -27.828        -3.5275        -31.356        -32.325
         8.3906        -27.532        -3.5375         -31.07        -31.997
         8.4141        -27.278         -3.551        -30.829        -31.688
         8.4375        -27.062        -3.5677         -30.63        -31.383
         8.4609         -26.88        -3.5876        -30.467        -31.072
         8.4844        -26.727        -3.6101        -30.337        -30.755
         8.5078          -26.6        -3.6351        -30.236        -30.441
         8.5313        -26.495        -3.6622        -30.157        -30.142
         8.5547        -26.407         -3.691        -30.098        -29.874
         8.5781        -26.333         -3.721        -30.054        -29.649
         8.6016        -26.267        -3.7518        -30.019        -29.472
          8.625        -26.206         -3.783        -29.989        -29.343
         8.6484        -26.147        -3.8141        -29.961        -29.256
         8.6719        -26.086        -3.8447        -29.931        -29.198
         8.6953        -26.022        -3.8741        -29.896        -29.157
         8.7188        -25.953        -3.9021        -29.855        -29.119
         8.7422        -25.878        -3.9281        -29.806        -29.076
         8.7656        -25.799        -3.9517        -29.751        -29.023
         8.7891        -25.717        -3.9725        -29.689        -28.964
         8.8125        -25.633        -3.9902        -29.624        -28.906
         8.8359        -25.552        -4.0045        -29.557         -28.86
         8.8594        -25.477        -4.0151        -29.492        -28.834
         8.8828        -25.411        -4.0219        -29.433        -28.834
         8.9063        -25.357        -4.0248        -29.382         -28.86
         8.9297         -25.32        -4.0237        -29.344        -28.912
         8.9531        -25.304        -4.0186        -29.323        -28.984
         8.9766        -25.311        -4.0097        -29.321        -29.071
              9        -25.345         -3.997        -29.342        -29.171
         9.0234        -25.409        -3.9809         -29.39        -29.281
         9.0469        -25.506        -3.9616        -29.468        -29.406
         9.0703        -25.638        -3.9394        -29.578         -29.55
         9.0938        -25.808        -3.9147        -29.723        -29.717
         9.1172        -26.019         -3.888        -29.907        -29.913
         9.1406        -26.272        -3.8595        -30.131        -30.134
         9.1641         -26.57        -3.8299          -30.4        -30.377
         9.1875        -26.915        -3.7994        -30.714        -30.629
         9.2109        -27.308        -3.7687        -31.077        -30.879
         9.2344        -27.753        -3.7382        -31.491        -31.117
         9.2578        -28.249        -3.7082        -31.957        -31.338
         9.2813        -28.797        -3.6792        -32.476        -31.545
         9.3047        -29.397        -3.6517        -33.049        -31.755
         9.3281        -30.048         -3.626        -33.674        -31.986
         9.3516        -30.743        -3.6024        -34.345        -32.262
          9.375        -31.474        -3.5812        -35.055        -32.604
         9.3984        -32.225        -3.5627        -35.788        -33.026
         9.4219        -32.973        -3.5473         -36.52        -33.535
         9.4453        -33.685        -3.5349         -37.22        -34.129
         9.4688         -34.32        -3.5259        -37.846        -34.793
         9.4922        -34.832        -3.5203        -38.352        -35.502
         9.5156        -35.186        -3.5182        -38.704        -36.223
         9.5391        -35.365        -3.5196        -38.885         -36.92
         9.5625        -35.381        -3.5245        -38.906        -37.557
         9.5859        -35.267        -3.5329          -38.8        -38.107
         9.6094        -35.064        -3.5447        -38.609        -38.543
         9.6328        -34.814        -3.5597        -38.374        -38.832
         9.6563        -34.547        -3.5778        -38.125        -38.929
         9.6797        -34.285        -3.5988        -37.884        -38.793
         9.7031        -34.039        -3.6223        -37.661        -38.414
         9.7266        -33.811        -3.6482        -37.459         -37.83
           9.75        -33.599        -3.6762        -37.275        -37.119
         9.7734        -33.395        -3.7057        -37.101        -36.362
         9.7969         -33.19        -3.7366        -36.927        -35.624
         9.8203        -32.972        -3.7683         -36.74        -34.944
         9.8438        -32.728        -3.8004        -36.529        -34.335
         9.8672         -32.45        -3.8326        -36.283        -33.796
         9.8906        -32.132        -3.8643        -35.997        -33.317
         9.9141        -31.772        -3.8952        -35.668        -32.882
         9.9375        -31.374        -3.9247        -35.299        -32.477
         9.9609        -30.944        -3.9524        -34.897        -32.094
         9.9844        -30.492         -3.978         -34.47        -31.732
         10.008        -30.029         -4.001         -34.03        -31.396
         10.031        -29.566        -4.0211        -33.587        -31.095
         10.055        -29.112        -4.0379         -33.15        -30.838
         10.078        -28.677        -4.0513        -32.728        -30.631
         10.102        -28.266        -4.0611        -32.328        -30.475
         10.125        -27.887         -4.067        -31.954        -30.365
         10.148        -27.542        -4.0691        -31.611        -30.291
         10.172        -27.235        -4.0673        -31.303        -30.236
         10.195        -26.969        -4.0616        -31.031        -30.186
         10.219        -26.745        -4.0523        -30.797        -30.126
         10.242        -26.563        -4.0394        -30.603        -30.047
         10.266        -26.426        -4.0233        -30.449         -29.95
         10.289        -26.333        -4.0042        -30.337        -29.839
         10.313        -26.283        -3.9825        -30.266        -29.725
         10.336        -26.278        -3.9585        -30.237        -29.617
         10.359        -26.316        -3.9327        -30.249        -29.522
         10.383        -26.397        -3.9055        -30.302        -29.444
         10.406        -26.518        -3.8773        -30.396        -29.379
          10.43        -26.679        -3.8486        -30.528        -29.322
         10.453        -26.875        -3.8199        -30.695        -29.267
         10.477        -27.104        -3.7915        -30.895         -29.21
           10.5        -27.358         -3.764        -31.122         -29.15
         10.523        -27.631        -3.7376        -31.369        -29.092
         10.547        -27.914        -3.7129        -31.627        -29.043
          10.57        -28.194        -3.6902        -31.884        -29.011
         10.594        -28.457        -3.6697        -32.127            -29
         10.617        -28.689        -3.6518        -32.341        -29.014
         10.641        -28.874        -3.6368         -32.51        -29.047
         10.664        -28.998        -3.6249        -32.623        -29.091
         10.688        -29.053        -3.6162         -32.67        -29.132
         10.711        -29.037        -3.6109        -32.648        -29.159
         10.734        -28.953        -3.6092        -32.562        -29.162
         10.758        -28.811         -3.611        -32.422        -29.139
         10.781        -28.625        -3.6164        -32.241        -29.095
         10.805         -28.41        -3.6253        -32.035        -29.045
         10.828        -28.182        -3.6378         -31.82        -29.001
         10.852        -27.956        -3.6536        -31.609        -28.977
         10.875        -27.741        -3.6727        -31.414        -28.981
         10.898         -27.55        -3.6949        -31.244        -29.016
         10.922        -27.387        -3.7199        -31.107        -29.077
         10.945        -27.261        -3.7474        -31.008        -29.155
         10.969        -27.174        -3.7773        -30.951        -29.237
         10.992         -27.13         -3.809        -30.939        -29.312
         11.016        -27.133        -3.8423        -30.975        -29.373
         11.039        -27.184        -3.8767        -31.061        -29.419
         11.063        -27.285        -3.9118        -31.197        -29.456
         11.086        -27.438        -3.9472        -31.386        -29.495
         11.109        -27.645        -3.9824        -31.627        -29.549
         11.133        -27.906        -4.0169        -31.923         -29.63
         11.156        -28.223        -4.0503        -32.273        -29.743
          11.18        -28.597         -4.082        -32.679        -29.891
         11.203        -29.029        -4.1117         -33.14        -30.073
         11.227        -29.517        -4.1388        -33.656        -30.284
          11.25        -30.061         -4.163        -34.224         -30.52
         11.273        -30.655        -4.1839        -34.839        -30.777
         11.297        -31.291        -4.2012        -35.492        -31.058
          11.32        -31.955        -4.2146        -36.169        -31.368
         11.344        -32.621        -4.2239        -36.845        -31.717
         11.367        -33.254         -4.229        -37.483        -32.114
         11.391        -33.808        -4.2298        -38.037        -32.565
         11.414        -34.227        -4.2264        -38.454        -33.069
         11.438        -34.466        -4.2187        -38.685        -33.612
         11.461        -34.502         -4.207        -38.709        -34.165
         11.484        -34.345        -4.1914        -38.536        -34.683
         11.508        -34.035        -4.1722        -38.207        -35.113
         11.531        -33.625        -4.1498        -37.775        -35.402
         11.555        -33.164        -4.1245        -37.288        -35.524
         11.578        -32.691        -4.0968        -36.788         -35.48
         11.602        -32.233         -4.067          -36.3        -35.294
         11.625        -31.807        -4.0357        -35.843        -34.998
         11.648        -31.423        -4.0032        -35.426        -34.614
         11.672        -31.083        -3.9702        -35.054        -34.159
         11.695         -30.79        -3.9371        -34.727        -33.644
         11.719        -30.542        -3.9043        -34.447        -33.084
         11.742        -30.337        -3.8723        -34.209        -32.497
         11.766        -30.171        -3.8415        -34.012        -31.909
         11.789         -30.04        -3.8124        -33.853        -31.343
         11.813        -29.941        -3.7853        -33.726        -30.822
         11.836        -29.868        -3.7605        -33.628        -30.362
         11.859        -29.817        -3.7384        -33.555        -29.972
         11.883        -29.784        -3.7193        -33.503        -29.653
         11.906        -29.763        -3.7033        -33.466        -29.406
          11.93        -29.752        -3.6906        -33.443        -29.225
         11.953        -29.747        -3.6815        -33.428        -29.102
         11.977        -29.744         -3.676         -33.42        -29.032
             12        -29.744        -3.6741        -33.418        -29.009
